1118010
1118021
1118012
763699
770970
770973
770974
770975
770976
770972
1118026
1211174
1211206
1211207
1242740
1241273
1241274
1241275
1241276
1241277
1241278
1241279
1241280
1241281
1241282
1241283
1241284
1241285
1241286
1242749
1242750
1242751
1242752
1242753
1242754
1242755
1242756
1242757
1242758
1242759
1265471
1265472
1265473
1265474
1265475
1265476
763691
763692
763693
861870
861871
861872
1118017
1118018
1118019
1118013
1118014
1118015
1211208
1211209
1241260
1241261
1241262
1241263
1241264
1241265
1241266
1241267
1242777
1242778
1242779
1265470
761594
761595
761596
761597
759454
759455
761590
761591
761592
761593
762177
762179
762176
762178
762174
974300
974301
996720
996721
1118024
1118025
1241268
1241269
1241271